1 1.2000000477 9.3415002823 1.2000000477 9.3415002823 0.2151100039 0.1823215965
2 1.1299999952 6.5872998238 1.1299999952 6.5872998238 0.3074800074 0.1222176285
3 1.1799999475 6.9130997658 1.1799999475 6.9130997658 0.4317800105 0.165514394
4 1.1499999762 6.7597999573 1.1499999762 6.7597999573 0.0582699999 0.1397619216
5 1.1100000143 6.5023999214 1.1100000143 6.5023999214 0.0295599997 0.1043600282
6 1.2400000095 6.8994002342 1.2400000095 6.8994002342 0.2623600066 0.2151113873
7 1.1799999475 6.4338998795 1.1799999475 6.4338998795 -0.03046 0.165514394
8 1.2699999809 7.1869001389 1.2699999809 7.1869001389 0.2700299919 0.2390168855
9 1.1699999571 6.8965997696 1.1699999571 6.8965997696 0.1570000052 0.1570037121
10 1.1299999952 7.7891998291 1.1299999952 7.7891998291 0.148420006 0.1222176285
11 1.3200000525 7.6139998436 1.3200000525 7.6139998436 0.3852599859 0.2776317763
12 1.2599999905 7.9917998314 1.2599999905 7.9917998314 0.4885799885 0.2311117134
13 1.25 7.5482997894 1.25 7.5482997894 0.3292999864 0.2231435513
14 1.2699999809 7.4250998497 1.2699999809 7.4250998497 0.3715600073 0.2390168855
15 1.25 7.8411998749 1.25 7.8411998749 0.2311100066 0.2231435513
16 1.2000000477 6.507900238 1.2000000477 6.507900238 0.2390200049 0.1823215965
17 1.1699999571 6.6638998985 1.1699999571 6.6638998985 0.2851800025 0.1570037121
18 1.1900000572 7.0553998947 1.1900000572 7.0553998947 0.2151100039 0.1739533552
19 1.2000000477 6.7543001175 1.2000000477 6.7543001175 0.3292999864 0.1823215965
20 1.2400000095 7.1347999573 1.2400000095 7.1347999573 0.542320013 0.2151113873
21 1.2100000381 6.6118998528 1.2100000381 6.6118998528 0.1739500016 0.1906203911
22 1.2300000191 7.3702998161 1.2300000191 7.3702998161 0.3987799883 0.2070141849
23 1.2200000286 6.9158000946 1.2200000286 6.9158000946 0.1570000052 0.1988508822
24 1.1799999475 6.5215997696 1.1799999475 6.5215997696 0.1906200051 0.165514394
25 1.3200000525 8.0274000168 1.3200000525 8.0274000168 0.4054700136 0.2776317763
26 1.2400000095 7.5180997849 1.2400000095 7.5180997849 0.1655099988 0.2151113873
27 1.2999999523 8.024600029 1.2999999523 8.024600029 0.5653100014 0.2623642278
28 1.3700000048 8.1614999771 1.3700000048 8.1614999771 0.4510799944 0.3148107433
29 1.4099999666 8.303899765 1.4099999666 8.303899765 0.5007799864 0.3435896807
30 1.2999999523 7.671500206 1.2999999523 7.671500206 0.4446899891 0.2623642278
31 1.25 8.2108001709 1.25 8.2108001709 0.3220799863 0.2231435513
32 1.3200000525 8.2737998962 1.3200000525 8.2737998962 0.0487900004 0.2776317763
33 1.2699999809 7.6304001808 1.2699999809 7.6304001808 0.5187900066 0.2390168855
34 1.2699999809 7.6359000206 1.2699999809 7.6359000206 0.4121100008 0.2390168855
35 1.1399999857 7.0170998573 1.1399999857 7.0170998573 0.0676599964 0.1310282499
36 1.1799999475 6.7733998299 1.1799999475 6.7733998299 0.1906200051 0.165514394
37 1.2400000095 6.7652001381 1.2400000095 6.7652001381 0.1133299991 0.2151113873
38 1.2300000191 6.7624998093 1.2300000191 6.7624998093 0.3292999864 0.2070141849
39 1.2899999619 7.329199791 1.2899999619 7.329199791 0.3000999987 0.2546421888
40 1.2699999809 7.230700016 1.2699999809 7.230700016 0.5247300267 0.2390168855
41 1.3099999428 7.7617998123 1.3099999428 7.7617998123 0.2851800025 0.2700270935
42 1.2599999905 8.1943998337 1.2599999905 8.1943998337 0.3920400143 0.2311117134
43 1.3099999428 8.0164003372 1.3099999428 8.0164003372 0.3576700091 0.2700270935
44 1.2000000477 7.7617998123 1.2000000477 7.7617998123 0.2851800025 0.1823215965
45 1.2799999714 7.578400135 1.2799999714 7.578400135 0.5877900124 0.2468600556
46 1.3600000143 8.3970003128 1.3600000143 8.3970003128 0.4699999988 0.3074847103
47 1.2100000381 8.0930995941 1.2100000381 8.0930995941 0.0487900004 0.1906203911
48 1.2400000095 8.279299736 1.2400000095 8.279299736 0.3506599963 0.2151113873
49 1.2999999523 7.6905999184 1.2999999523 7.6905999184 0.4637300074 0.2623642278
50 1.25 7.5043997765 1.25 7.5043997765 0.3000999987 0.2231435513
51 1.2699999809 7.6139998436 1.2699999809 7.6139998436 0.2390200049 0.2390168855
52 1.2300000191 7.3702998161 1.2300000191 7.3702998161 0.1570000052 0.2070141849
53 1.1900000572 6.9404997826 1.1900000572 6.9404997826 0.0953100026 0.1739533552
54 1.1299999952 7.0418000221 1.1299999952 7.0418000221 0.1133299991 0.1222176285
55 1.1399999857 6.5626001358 1.1399999857 6.5626001358 0.0392200015 0.1310282499
56 1.2200000286 6.9924998283 1.2200000286 6.9924998283 0.1823199987 0.1988508822
57 1.25 7.2142000198 1.25 7.2142000198 0.3784399927 0.2231435513
58 1.2300000191 7.5893001556 1.2300000191 7.5893001556 0.3987799883 0.2070141849
59 1.2799999714 8.0601997375 1.2799999714 8.0601997375 0.4510799944 0.2468600556
60 1.2200000286 7.0116000175 1.2200000286 7.0116000175 0.3220799863 0.1988508822
61 1.2000000477 7.7016000748 1.2000000477 7.7016000748 0.2926700115 0.1823215965
62 1.2200000286 6.9239997864 1.2200000286 6.9239997864 0.3292999864 0.1988508822
63 1.25 7.0390000343 1.25 7.0390000343 0.4574199915 0.2231435513
64 1.2000000477 6.4832000732 1.2000000477 6.4832000732 0.0392200015 0.1823215965
65 1.25 8.019200325 1.25 8.019200325 0.2231400013 0.2231435513
66 1.3300000429 7.605700016 1.3300000429 7.605700016 0.6729400158 0.2851789745
67 1.3200000525 7.698800087 1.3200000525 7.698800087 0.4121100008 0.2776317763
68 1.25 7.8000998497 1.25 7.8000998497 0.2468599975 0.2231435513
69 1.3799999952 10.354599953 1.3799999952 10.354599953 0.3220799863 0.3220834957
70 1.3200000525 7.3538999557 1.3200000525 7.3538999557 0.3506599963 0.2776317763
71 1.2400000095 8.0493001938 1.2400000095 8.0493001938 0.2623600066 0.2151113873
72 1.2000000477 6.7789001465 1.2000000477 6.7789001465 0.2231400013 0.1823215965
73 1.1699999571 6.5243000984 1.1699999571 6.5243000984 0.0676599964 0.1570037121
74 1.2200000286 6.6995000839 1.2200000286 6.6995000839 0.2390200049 0.1988508822
75 1.2100000381 8.2737998962 1.2100000381 8.2737998962 0.0099499999 0.1906203911
76 1.1900000572 6.8527998924 1.1900000572 6.8527998924 0.3220799863 0.1739533552
77 1.3099999428 7.4853000641 1.3099999428 7.4853000641 0.4574199915 0.2700270935
78 1.2799999714 7.5236001015 1.2799999714 7.5236001015 0.4637300074 0.2468600556
79 1.2599999905 8.6625995636 1.2599999905 8.6625995636 0.3292999864 0.2311117134
80 1.3099999428 8.4244003296 1.3099999428 8.4244003296 0.2070100009 0.2700270935
81 1.2000000477 9.3114004135 1.2000000477 9.3114004135 0.1655099988 0.1823215965
82 1.2899999619 6.7733998299 1.2899999619 6.7733998299 0.3506599963 0.2546421888
83 1.1799999475 7.2936000824 1.1799999475 7.2936000824 0.2700299919 0.165514394
84 1.1699999571 7.304599762 1.1699999571 7.304599762 0.3074800074 0.1570037121
85 1.1200000048 6.62830019 1.1200000048 6.62830019 -0.020199999 0.1133286896
86 1.2100000381 7.2416000366 1.2100000381 7.2416000366 0.1570000052 0.1906203911
87 1.1900000572 7.1402997971 1.1900000572 7.1402997971 0.1310299933 0.1739533552
88 1.3200000525 7.2170000076 1.3200000525 7.2170000076 0.4762299955 0.2776317763
89 1.1699999571 7.3127999306 1.1699999571 7.3127999306 -0.040819999 0.1570037121
90 1.25 8.2081003189 1.25 8.2081003189 0.2700299919 0.2231435513
91 1.2200000286 7.9342999458 1.2200000286 7.9342999458 0.3987799883 0.1988508822
92 1.1799999475 6.7460999489 1.1799999475 6.7460999489 0.0769599974 0.165514394
93 1.2000000477 7.7179999352 1.2000000477 7.7179999352 0.3074800074 0.1823215965
94 1.1399999857 6.4612998962 1.1399999857 6.4612998962 -0.03046 0.1310282499
95 1.2300000191 6.8172001839 1.2300000191 6.8172001839 0.1988500059 0.2070141849
96 1.1900000572 6.789899826 1.1900000572 6.789899826 0.2311100066 0.1739533552
97 1.2699999809 8.1780004501 1.2699999809 8.1780004501 0.4947000146 0.2390168855
98 1.2799999714 7.6851000786 1.2799999714 7.6851000786 0.3220799863 0.2468600556
99 1.2400000095 6.5763001442 1.2400000095 6.5763001442 0.2311100066 0.2151113873
100 1.3200000525 8.2081003189 1.3200000525 8.2081003189 0.4054700136 0.2776317763
101 1.25 8.019200325 1.25 8.019200325 0.4762299955 0.2231435513
102 1.25 8.4490003586 1.25 8.4490003586 0.3292999864 0.2231435513
103 1.2200000286 8.3149003983 1.2200000286 8.3149003983 0.2231400013 0.1988508822
104 1.2899999619 8.1287002563 1.2899999619 8.1287002563 0.2926700115 0.2546421888
105 1.3500000238 8.2518997192 1.3500000238 8.2518997192 0.3435899913 0.3001046101
106 1.2999999523 7.3127999306 1.2999999523 7.3127999306 0.1823199987 0.2623642278
107 1.2699999809 7.7810001373 1.2699999809 7.7810001373 0.3576700091 0.2390168855
108 1.3500000238 7.6111998558 1.3500000238 7.6111998558 0.3148100078 0.3001046101
109 1.3200000525 7.6441001892 1.3200000525 7.6441001892 0.3646399975 0.2776317763
110 1.3099999428 8.2437000275 1.3099999428 8.2437000275 0.5822200179 0.2700270935
111 1.3400000334 7.6605000496 1.3400000334 7.6605000496 0.482430011 0.2926696389
112 1.4500000477 8.1259002686 1.4500000477 8.1259002686 0.8329100013 0.3715635893
113 1.3099999428 8.1013002396 1.3099999428 8.1013002396 0.5822200179 0.2700270935
114 1.3500000238 8.019200325 1.3500000238 8.019200325 0.5306299925 0.3001046101
115 1.2300000191 8.391500473 1.2300000191 8.391500473 0.3364700079 0.2070141849
116 1.2000000477 6.9678001404 1.2000000477 6.9678001404 0.1570000052 0.1823215965
117 1.1399999857 6.6858000755 1.1399999857 6.6858000755 0.2231400013 0.1310282499
118 1.25 7.0855998993 1.25 7.0855998993 -0.040819999 0.2231435513
119 1.2400000095 7.0637001991 1.2400000095 7.0637001991 0.1988500059 0.2151113873
120 1.1799999475 6.5243000984 1.1799999475 6.5243000984 0.0197999999 0.165514394
121 1.2699999809 7.326499939 1.2699999809 7.326499939 0.3506599963 0.2390168855
122 1.2100000381 7.1758999825 1.2100000381 7.1758999825 0.2926700115 0.1906203911
123 1.2599999905 7.5619001389 1.2599999905 7.5619001389 0.4252699912 0.2311117134
124 1.2599999905 7.7536001205 1.2599999905 7.7536001205 0.2623600066 0.2311117134
125 1.25 8.4052000046 1.25 8.4052000046 0.3292999864 0.2231435513
126 1.3200000525 8.5530004501 1.3200000525 8.5530004501 0.482430011 0.2776317763
127 1.2999999523 7.8877000809 1.2999999523 7.8877000809 0.482430011 0.2623642278
128 1.2999999523 7.5510001183 1.2999999523 7.5510001183 0.4446899891 0.2623642278
129 1.2200000286 8.4626998901 1.2200000286 8.4626998901 0.1823199987 0.1988508822
130 1.2699999809 7.8302998543 1.2699999809 7.8302998543 0.4317800105 0.2390168855
131 1.2799999714 7.2470998764 1.2799999714 7.2470998764 0.1570000052 0.2468600556
132 1.2100000381 6.7023000717 1.2100000381 6.7023000717 0.1906200051 0.1906203911
133 1.2200000286 7.2142000198 1.2200000286 7.2142000198 0.3000999987 0.1988508822
134 1.25 6.8747000694 1.25 6.8747000694 0.0676599964 0.2231435513
135 1.2599999905 6.8638000488 1.2599999905 6.8638000488 0.3364700079 0.2311117134
136 1.25 6.7843999863 1.25 6.7843999863 0.3920400143 0.2231435513
137 1.2899999619 8.3121004105 1.2899999619 8.3121004105 0.3920400143 0.2546421888
138 1.2799999714 8.1232004166 1.2799999714 8.1232004166 0.3148100078 0.2468600556
139 1.3899999857 7.9205999374 1.3899999857 7.9205999374 0.7975100279 0.3293037369
140 1.3400000334 8.4025001526 1.3400000334 8.4025001526 0.6470999718 0.2926696389
141 1.3300000429 7.5399999619 1.3300000429 7.5399999619 0.542320013 0.2851789745
142 1.3600000143 8.1259002686 1.3600000143 8.1259002686 0.5822200179 0.3074847103
143 1.2100000381 7.9699001312 1.2100000381 7.9699001312 0.2070100009 0.1906203911
144 1.2699999809 7.4825000763 1.2699999809 7.4825000763 0.2623600066 0.2390168855
145 1.25 7.6905999184 1.25 7.6905999184 0.2151100039 0.2231435513
146 1.2000000477 7.9179000854 1.2000000477 7.9179000854 0.1222200021 0.1823215965
147 1.2400000095 7.8576002121 1.2400000095 7.8576002121 0.2700299919 0.2151113873
148 1.3400000334 7.5427999496 1.3400000334 7.5427999496 0.5481200218 0.2926696389
149 1.2300000191 7.5728998184 1.2300000191 7.5728998184 0.3987799883 0.2070141849
150 1.1599999666 6.8884000778 1.1599999666 6.8884000778 0.3000999987 0.1484199763
151 1.2200000286 7.5208997726 1.2200000286 7.5208997726 0.1988500059 0.1988508822
152 1.2100000381 6.8474001884 1.2100000381 6.8474001884 0.2468599975 0.1906203911
153 1.2899999619 6.8801999092 1.2899999619 6.8801999092 0.3074800074 0.2546421888
154 1.3899999857 8.60779953 1.3899999857 8.60779953 0.5128200054 0.3293037369
155 1.2300000191 7.5974998474 1.2300000191 7.5974998474 0.3784399927 0.2070141849
156 1.2200000286 8.279299736 1.2200000286 8.279299736 0.3148100078 0.1988508822
157 1.3099999428 8.1780004501 1.3099999428 8.1780004501 0.5933300257 0.2700270935
158 1.2699999809 8.303899765 1.2699999809 8.303899765 0.3364700079 0.2390168855
159 1.2799999714 8.1013002396 1.2799999714 8.1013002396 0.4054700136 0.2468600556
160 1.3099999428 7.9671001434 1.3099999428 7.9671001434 0.3435899913 0.2700270935
161 1.3300000429 8.1013002396 1.3300000429 8.1013002396 0.3852599859 0.2851789745
162 1.3600000143 9.119799614 1.3600000143 9.119799614 0.4187099934 0.3074847103
163 1.2699999809 8.5366001129 1.2699999809 8.5366001129 0.3292999864 0.2390168855
164 1.2899999619 8.1998996735 1.2899999619 8.1998996735 0.5709800124 0.2546421888
165 1.1100000143 6.557199955 1.1100000143 6.557199955 0.0582699999 0.1043600282
166 1.1900000572 8.1395998001 1.1900000572 8.1395998001 0.148420006 0.1739533552
167 1.2100000381 7.5947999954 1.2100000381 7.5947999954 0.4317800105 0.1906203911
168 1.2599999905 8.2217998505 1.2599999905 8.2217998505 0.3784399927 0.2311117134
169 1.2200000286 7.5893001556 1.2200000286 7.5893001556 0.1906200051 0.1988508822
170 1.1900000572 7.0553998947 1.1900000572 7.0553998947 0.2390200049 0.1739533552
171 1.2200000286 7.3675999641 1.2200000286 7.3675999641 0.2231400013 0.1988508822
172 1.2599999905 8.6461000443 1.2599999905 8.6461000443 0.3220799863 0.2311117134
173 1.2899999619 6.8965997696 1.2899999619 6.8965997696 0.2151100039 0.2546421888
174 1.2999999523 8.626999855 1.2999999523 8.626999855 0.3000999987 0.2623642278
175 1.4099999666 7.978099823 1.4099999666 7.978099823 0.5877900124 0.3435896807
176 1.2799999714 7.5290999413 1.2799999714 7.5290999413 0.5596200228 0.2468600556
177 1.2400000095 7.3210000992 1.2400000095 7.3210000992 0.4121100008 0.2151113873
178 1.1799999475 7.2470998764 1.1799999475 7.2470998764 0.2623600066 0.165514394
179 1.3899999857 9.0513000488 1.3899999857 9.0513000488 0.60977 0.3293037369
180 1.2999999523 8.5010004044 1.2999999523 8.5010004044 0.3715600073 0.2623642278
181 1.2100000381 7.8794999123 1.2100000381 7.8794999123 0.2070100009 0.1906203911
182 1.2599999905 8.3641004562 1.2599999905 8.3641004562 0.482430011 0.2311117134
183 1.2799999714 8.347700119 1.2799999714 8.347700119 0.4446899891 0.2468600556
184 1.2999999523 8.3751001358 1.2999999523 8.3751001358 0.2231400013 0.2623642278
185 1.2400000095 7.6413002014 1.2400000095 7.6413002014 0.3220799863 0.2151113873
186 1.5800000429 12.624199867 1.5800000429 12.624199867 1.0224499702 0.4574248742
187 1.25 7.4333000183 1.25 7.4333000183 0.5007799864 0.2231435513
188 1.2599999905 6.7023000717 1.2599999905 6.7023000717 0.2070100009 0.2311117134
189 1.2899999619 7.8959999084 1.2899999619 7.8959999084 0.482430011 0.2546421888
190 1.3600000143 8.4872999191 1.3600000143 8.4872999191 0.5247300267 0.3074847103
191 1.1799999475 6.9678001404 1.1799999475 6.9678001404 0.3292999864 0.165514394
192 1.1799999475 6.9432001114 1.1799999475 6.9432001114 0.2390200049 0.165514394
193 1.2300000191 7.3456997871 1.2300000191 7.3456997871 0.3364700079 0.2070141849
194 1.2799999714 7.1869001389 1.2799999714 7.1869001389 0.4054700136 0.2468600556
195 1.1900000572 6.9404997826 1.1900000572 6.9404997826 0.1988500059 0.1739533552
196 1.3300000429 8.347700119 1.3300000429 8.347700119 0.5933300257 0.2851789745
197 1.2200000286 9.1361999512 1.2200000286 9.1361999512 -0.693149984 0.1988508822
198 1.1900000572 7.5153999329 1.1900000572 7.5153999329 0.1739500016 0.1739533552
199 1.2799999714 8.4188995361 1.2799999714 8.4188995361 0.5933300257 0.2468600556
200 1.2599999905 8.0767002106 1.2599999905 8.0767002106 0.4252699912 0.2311117134
201 1.2400000095 7.9151000977 1.2400000095 7.9151000977 0.3074800074 0.2151113873
202 1.2200000286 7.578400135 1.2200000286 7.578400135 0.2468599975 0.1988508822
203 1.1699999571 6.7406001091 1.1699999571 6.7406001091 0.1570000052 0.1570037121
204 1.2699999809 6.8692998886 1.2699999809 6.8692998886 0.2700299919 0.2390168855
205 1.6000000238 13.524999619 1.6000000238 13.524999619 1.0402799845 0.4700036441
206 1.3300000429 8.2764997482 1.3300000429 8.2764997482 0.5364900231 0.2851789745
207 1.2699999809 8.2217998505 1.2699999809 8.2217998505 0.0861800015 0.2390168855
208 1.2300000191 7.7153000832 1.2300000191 7.7153000832 0.1397600025 0.2070141849
209 1.3600000143 10.130000114 1.3600000143 10.130000114 0.6678299904 0.3074847103
210 1.3400000334 7.8657999039 1.3400000334 7.8657999039 0.4510799944 0.2926696389
211 1.2799999714 9.1307001114 1.2799999714 9.1307001114 0.3292999864 0.2468600556
212 1.2599999905 9.2375001907 1.2599999905 9.2375001907 0.4885799885 0.2311117134
213 1.2599999905 8.5558004379 1.2599999905 8.5558004379 0.4637300074 0.2311117134
214 1.3700000048 8.0958003998 1.3700000048 8.0958003998 0.4252699912 0.3148107433
215 1.3999999762 10.036999702 1.3999999762 10.036999702 0.5653100014 0.3364722196
216 1.3400000334 9.1526002884 1.3400000334 9.1526002884 0.5653100014 0.2926696389
217 1.3400000334 8.5832004547 1.3400000334 8.5832004547 0.542320013 0.2926696389
218 1.2899999619 8.8077001572 1.2899999619 8.8077001572 0.3784399927 0.2546421888
219 1.25 7.9699001312 1.25 7.9699001312 0.3000999987 0.2231435513
220 1.3700000048 8.8952999115 1.3700000048 8.8952999115 0.4187099934 0.3148107433
221 1.4199999571 9.207400322 1.4199999571 9.207400322 0.6205800176 0.3506568414
222 1.2200000286 7.5373001099 1.2200000286 7.5373001099 0.3852599859 0.1988508822
223 1.2699999809 8.4927997589 1.2699999809 8.4927997589 0.1043599993 0.2390168855
224 1.2400000095 8.3093996048 1.2400000095 8.3093996048 0.2468599975 0.2151113873
225 1.7200000286 14.067099571 1.7200000286 14.067099571 1.368639946 0.5423243075
226 1.2400000095 8.3777999878 1.2400000095 8.3777999878 0.2776300013 0.2151113873
227 1.2999999523 8.6434001923 1.2999999523 8.6434001923 0.4121100008 0.2623642278
228 1.3799999952 9.3498001099 1.3799999952 9.3498001099 0.542320013 0.3220834957
229 1.1399999857 7.4661002159 1.1399999857 7.4661002159 0.1310299933 0.1310282499
230 1.1699999571 9.0868997574 1.1699999571 9.0868997574 0.148420006 0.1570037121
231 1.2200000286 7.9562001228 1.2200000286 7.9562001228 0.2070100009 0.1988508822
232 1.3500000238 8.7391996384 1.3500000238 8.7391996384 0.5481200218 0.3001046101
233 1.2000000477 7.6687002182 1.2000000477 7.6687002182 0.3364700079 0.1823215965
234 1.2699999809 9.3689002991 1.2699999809 9.3689002991 0.3987799883 0.2390168855
235 1.2999999523 9.0649995804 1.2999999523 9.0649995804 0.3852599859 0.2623642278
236 1.2300000191 7.8794999123 1.2300000191 7.8794999123 0.3576700091 0.2070141849
237 1.3200000525 8.8296003342 1.3200000525 8.8296003342 0.2390200049 0.2776317763
238 1.3400000334 10.064299583 1.3400000334 10.064299583 0.3148100078 0.2926696389
239 1.3099999428 9.8919000626 1.3099999428 9.8919000626 0.3435899913 0.2700270935
240 1.25 8.8296003342 1.25 8.8296003342 0.2623600066 0.2231435513
241 1.3600000143 9.0403995514 1.3600000143 9.0403995514 0.3920400143 0.3074847103
242 1.3500000238 9.2156000137 1.3500000238 9.2156000137 0.4762299955 0.3001046101
243 1.2999999523 9.5769996643 1.2999999523 9.5769996643 0.5709800124 0.2623642278
244 1.3999999762 10.102700233 1.3999999762 10.102700233 0.4054700136 0.3364722196
245 1.3999999762 10.190299988 1.3999999762 10.190299988 0.678030014 0.3364722196
246 1.2899999619 9.3880996704 1.2899999619 9.3880996704 0.4187099934 0.2546421888
247 1.3999999762 9.9301996231 1.3999999762 9.9301996231 0.678030014 0.3364722196
248 1.3099999428 9.4511003494 1.3099999428 9.4511003494 0.4317800105 0.2700270935
249 1.3400000334 9.2730998993 1.3400000334 9.2730998993 0.5306299925 0.2926696389
250 1.4600000381 9.7631998062 1.4600000381 9.7631998062 0.6365799904 0.3784364618
251 1.3600000143 8.9253997803 1.3600000143 8.9253997803 0.4637300074 0.3074847103
252 1.3700000048 8.5530004501 1.3700000048 8.5530004501 0.5007799864 0.3148107433
253 1.3600000143 10.138299942 1.3600000143 10.138299942 0.5128200054 0.3074847103
254 1.3300000429 9.9547996521 1.3300000429 9.9547996521 0.5128200054 0.2851789745
255 1.3600000143 9.3579998016 1.3600000143 9.3579998016 0.5766100287 0.3074847103
256 1.3799999952 10.743300438 1.3799999952 10.743300438 0.4446899891 0.3220834957
257 1.3899999857 9.790599823 1.3899999857 9.790599823 0.6043199897 0.3293037369
258 1.3700000048 9.9739999771 1.3700000048 9.9739999771 0.3987799883 0.3148107433
259 1.3899999857 9.9000997543 1.3899999857 9.9000997543 0.3987799883 0.3293037369
260 1.2400000095 9.0185003281 1.2400000095 9.0185003281 0.3715600073 0.2151113873
261 1.3999999762 10.110899925 1.3999999762 10.110899925 0.708039999 0.3364722196
262 1.2699999809 8.6625995636 1.2699999809 8.6625995636 0.4510799944 0.2390168855
263 1.3200000525 8.7529001236 1.3200000525 8.7529001236 0.5187900066 0.2776317763
264 1.3600000143 8.8952999115 1.3600000143 8.8952999115 0.4699999988 0.3074847103
265 1.2599999905 9.232000351 1.2599999905 9.232000351 0.6151900291 0.2311117134
266 1.4800000191 10.403800011 1.4800000191 10.403800011 0.6729400158 0.3920421007
267 1.5199999809 10.450400352 1.5199999809 10.450400352 0.6729400158 0.4187103223
268 1.4900000095 10.387399673 1.4900000095 10.387399673 0.8197799921 0.3987761264
269 1.3600000143 10.491399765 1.3600000143 10.491399765 0.5481200218 0.3074847103
270 1.4099999666 9.6070995331 1.4099999666 9.6070995331 0.8153600097 0.3435896807
271 1.4199999571 9.8070001602 1.4199999571 9.8070001602 0.7178400159 0.3506568414
272 1.3099999428 8.5804004669 1.3099999428 8.5804004669 0.6418499947 0.2700270935
273 1.3300000429 9.6070995331 1.3300000429 9.6070995331 0.3646399975 0.2851789745
274 1.3999999762 9.5661001205 1.3999999762 9.5661001205 0.5538899899 0.3364722196
275 1.4099999666 11.277199745 1.4099999666 11.277199745 0.7129499912 0.3435896807
276 1.5199999809 11.909700394 1.5199999809 11.909700394 0.6729400158 0.4187103223
277 1.4500000477 10.598199844 1.4500000477 10.598199844 0.6575199962 0.3715635893
278 1.5599999428 11.701600075 1.5599999428 11.701600075 0.9783300161 0.4446857846
279 1.5299999714 10.532500267 1.5299999714 10.532500267 0.6312699914 0.4252677167
280 1.3899999857 11.236100197 1.3899999857 11.236100197 0.6365799904 0.3293037369
281 1.4299999475 11.019800186 1.4299999475 11.019800186 0.8019999862 0.3576744076
282 1.4800000191 11.164999962 1.4800000191 11.164999962 0.7466899753 0.3920421007
283 1.4800000191 10.072600365 1.4800000191 10.072600365 0.6043199897 0.3920421007
284 1.4500000477 9.3470001221 1.4500000477 9.3470001221 0.5247300267 0.3715635893
285 1.4299999475 10.51060009 1.4299999475 10.51060009 0.6881300211 0.3576744076
286 1.3899999857 10.822699547 1.3899999857 10.822699547 0.6575199962 0.3293037369
287 1.3700000048 10.004099846 1.3700000048 10.004099846 0.5538899899 0.3148107433
288 1.25 9.6782999039 1.25 9.6782999039 0.4317800105 0.2231435513
289 1.3500000238 10.310700417 1.3500000238 10.310700417 0.4317800105 0.3001046101
290 1.4400000572 11.403100014 1.4400000572 11.403100014 0.7793200016 0.3646431533
291 1.3899999857 10.562600136 1.3899999857 10.562600136 0.5128200054 0.3293037369
292 1.2699999809 10.428500175 1.2699999809 10.428500175 0.3220799863 0.2390168855
293 1.3899999857 10.346300125 1.3899999857 10.346300125 0.3506599963 0.3293037369
294 1.3300000429 9.8070001602 1.3300000429 9.8070001602 0.254640013 0.2851789745
295 1.4199999571 12.00549984 1.4199999571 12.00549984 0.4510799944 0.3506568414
296 1.5900000334 11.882300377 1.5900000334 11.882300377 1.0750000477 0.4637340372
297 1.5199999809 11.830300331 1.5199999809 11.830300331 0.9082599878 0.4187103223
298 1.5900000334 11.597499847 1.5900000334 11.597499847 1.061259985 0.4637340372
299 1.5700000525 12.955499649 1.5700000525 12.955499649 0.904219985 0.4510756528
300 1.4400000572 11.961700439 1.4400000572 11.961700439 0.6830999851 0.3646431533
